  1  36   2
  1 105   6
  1 106   4
  1 113   2
  1 124   3
  1 125   3
  2  73   2
  2  89   2
  2  90   2
  2 105   4
  2 106   8
  2 123   2
  3  15   2
  3  67   2
  3  72   2
  3  86   2
  3  87   2
  3  88   2
  3 106   6
  3 107   5
  3 122   3
  4  14   2
  4  15   2
  4  34   2
  4  90   2
  4 107   8
  4 119   2
  5  14   2
  5  23   2
  5  80   2
  5 107   5
  5 108   6
  5 127   2
  6  21   2
  6  33   2
  6  74   2
  6 101   2
  6 107   2
  6 108   8
  6 109   3
  6 113   2
  6 123   2
  6 124   2
  7   8   2
  7  13   2
  7  20   2
  7  56   2
  7  76   2
  7 108   5
  7 109   7
  7 122   3
  7 124   2
  8  10   2
  8  33   2
  8  54   2
  8  56   2
  8  68   3
  8  79   3
  8  80   2
  8  81   2
  8  93   3
  8  99   3
  8 103   2
  8 105   5
  8 106   8
  8 107   4
  8 110   2
  8 116   2
  8 121   3
  9  20   2
  9  27   2
  9  38   2
  9  70   2
  9 109   3
  9 110   9
 10  13   2
 10  21   2
 10  22   3
 10  25   2
 10  31   2
 10  38   2
 10  51   2
 10  69   2
 10  98   2
 10 110   5
 10 111   6
 10 120   2
 11   0   2
 11   1   2
 11   9   2
 11  11   2
 11  15   2
 11  21   3
 11  41   2
 11  52   7
 11  53   5
 11  54   7
 11  55   8
 11  56  10
 11  57  12
 11  58  18
 11  59  23
 11  60   9
 11 101   2
 11 110   3
 11 111  10
 11 112   4
 11 114   2
 11 120   4
 11 126   2
 12   2   2
 12  28   2
 12  36   2
 12  39   2
 12  40   2
 12  48   3
 12  49   4
 12  50   4
 12  52   2
 12  53   7
 12  56   4
 12  61   6
 12  62  20
 12  63  12
 12 111   6
 12 112   9
 12 113   3
 12 125   2
 13  17   2
 13  26   2
 13  27   2
 13  30   2
 13  47   4
 13  57   2
 13  59   2
 13  64  11
 13  65  19
 13 111   2
 13 112   8
 13 113   4
 13 118   2
 13 123   3
 14   2   2
 14   7   2
 14   8   2
 14  42   6
 14  43   8
 14  53   2
 14  55   2
 14  61   5
 14  66  15
 14  67   4
 14  85   2
 14 112   2
 14 113   3
 14 123   4
 14 127   2
 15   9   2
 15  39   4
 15  57   2
 15  58   3
 15  60   2
 15  67   4
 15  68  20
 15  94   2
 15 102   2
 15 126   2
 16   0   2
 16   7   2
 16  55   2
 16  56   4
 16  62   2
 16  64   3
 16  69  17
 16  70   4
 16  83   2
 16  95   2
 16 113   2
 16 121   2
 16 125   2
 17   6   2
 17  20   3
 17  21   2
 17  28   2
 17  38   2
 17  40   2
 17  45   2
 17  46   3
 17  48   3
 17  49   2
 17  62   2
 17  65   3
 17  70   8
 17  71  14
 17  88   2
 17  97   2
 17 106   2
 17 114   2
 17 116   2
 17 120   2
 17 123   2
 17 124   6
 17 127  18
 18  17   2
 18  37   2
 18  38   3
 18  42   2
 18  44   2
 18  48   2
 18  51   3
 18  54   3
 18  58   3
 18  65   3
 18  71   6
 18  72  26
 18  73   9
 18  85   2
 18  86   2
 18  87   2
 18 105   3
 18 114   4
 18 119   4
 18 126  11
 18 127  17
 19  10   2
 19  20   2
 19  27   3
 19  28   2
 19  41   2
 19  52   2
 19  53   3
 19  56   3
 19  58   2
 19  59   2
 19  63   2
 19  69  11
 19  70   6
 19  73   9
 19  74  17
 19  89   2
 19  99   2
 19 108   2
 19 113   2
 19 114   3
 19 123   6
 19 125   8
 19 126  22
 20  17   2
 20  20   2
 20  35   2
 20  40   3
 20  41   2
 20  43   4
 20  49   2
 20  56   3
 20  61   4
 20  66   5
 20  67   8
 20  74  13
 20  75   5
 20  90   3
 20  98   2
 20 105   2
 20 107   2
 20 112   3
 20 113   2
 20 122   3
 20 124   5
 20 125  17
 21   3   3
 21   4   2
 21   8   2
 21  42   2
 21  47   3
 21  49   2
 21  55   3
 21  64  12
 21  65   8
 21  75  20
 21  90   2
 21 110   2
 21 111   2
 21 112   4
 21 116   2
 21 117   4
 21 120   2
 21 123   4
 21 124  15
 21 125   5
 22  17   2
 22  45   4
 22  48   2
 22  50   3
 22  54   2
 22  56   2
 22  58   2
 22  62   9
 22  63   4
 22  73   3
 22  75   3
 22  76  19
 22  86   2
 22  90   2
 22 104   2
 22 105   3
 22 116   4
 22 122   3
 22 123  10
 22 124   4
 22 127   6
 23  11   2
 23  18   2
 23  20   3
 23  33   2
 23  37   3
 23  39   2
 23  44   4
 23  55   2
 23  56   2
 23  60   3
 23  61   9
 23  64   2
 23  71   2
 23  76   8
 23  77  16
 23 105   2
 23 111   3
 23 115   6
 23 118   3
 23 119   2
 23 120   4
 23 122  10
 23 123   6
 23 126   5
 24   1   2
 24  33   2
 24  42   3
 24  45   4
 24  49   3
 24  59  14
 24  63   2
 24  65   2
 24  71   2
 24  73   2
 24  74   2
 24  77  16
 24  78  34
 24 115   2
 24 118   3
 24 121  11
 24 122   7
 24 125   3
 25  38   2
 25  43   2
 25  44   4
 25  46   6
 25  47   2
 25  49   3
 25  54   3
 25  57   2
 25  58   9
 25  67   2
 25  68   3
 25  79  22
 25  85   2
 25 107   3
 25 114   2
 25 118   2
 25 120  10
 25 121  10
 26  32   6
 26  35   2
 26  42   3
 26  50   3
 26  51   2
 26  56  17
 26  57   2
 26  62   2
 26  78   2
 26  80  20
 26  94   2
 26 108   4
 26 113   3
 26 116   2
 26 117   2
 26 119   7
 26 120  16
 26 123   3
 27   3   2
 27  32   6
 27  40   5
 27  43   3
 27  45   2
 27  54   4
 27  55   7
 27  56   2
 27  57   4
 27  63   5
 27  75   2
 27  79   2
 27  80  19
 27  94   2
 27  99   6
 27 100  16
 27 101  15
 27 102  19
 27 103   2
 27 106   2
 27 115   2
 27 118   5
 27 119  15
 27 120   2
 27 123   3
 28  14   2
 28  15   2
 28  31   2
 28  32   2
 28  43   2
 28  46   5
 28  53  19
 28  55   2
 28  58   3
 28  61   5
 28  65   4
 28  72   3
 28  81  11
 28  97  10
 28  98  29
 28  99   2
 28 100   4
 28 101   3
 28 102   2
 28 103   8
 28 108   2
 28 109   2
 28 115   3
 28 118  11
 28 119   6
 28 122   2
 29   0   2
 29  14   2
 29  17   2
 29  31   8
 29  39   2
 29  41   3
 29  47   5
 29  52  14
 29  56   2
 29  59   4
 29  70   3
 29  73   2
 29  81  13
 29  82   4
 29  96  34
 29  97  19
 29  99   6
 29 103   4
 29 104  17
 29 117  15
 29 118  10
 29 121   3
 29 125   2
 30  14   2
 30  19   2
 30  31   5
 30  37   3
 30  41   2
 30  42   4
 30  46   5
 30  50  11
 30  51   6
 30  52   3
 30  56   2
 30  58   4
 30  68   5
 30  78   2
 30  81   3
 30  82  23
 30  85   2
 30  86   3
 30  95  48
 30  96   5
 30  98   4
 30 104   8
 30 114   3
 30 116   4
 30 117  11
 30 118   2
 30 120   2
 31   4   2
 31   5   2
 31  27   2
 31  30   2
 31  31   2
 31  40   3
 31  44   9
 31  49  13
 31  50   3
 31  54   2
 31  56   8
 31  59   5
 31  62   2
 31  66   5
 31  67   2
 31  82   7
 31  83   8
 31  93  10
 31  94  44
 31 102   2
 31 107   2
 31 112   2
 31 113   3
 31 116  12
 31 117   6
 31 120   3
 32   0   2
 32   3   2
 32  10   2
 32  20   2
 32  30   3
 32  33   3
 32  37   7
 32  39   4
 32  41   2
 32  42   4
 32  45   7
 32  48  11
 32  57   2
 32  64   2
 32  76   2
 32  77   2
 32  83  22
 32  84   5
 32  92  40
 32  93  27
 32  95   5
 32 101   3
 32 105   4
 32 109   2
 32 110   2
 32 111   3
 32 112   2
 32 113   3
 32 115   8
 32 116  10
 32 119   3
 33   1   2
 33   8   2
 33  30   7
 33  36   6
 33  41   8
 33  47  14
 33  51   2
 33  53   7
 33  56   3
 33  63   4
 33  70   2
 33  74   4
 33  84   8
 33  85   3
 33  90   6
 33  91  38
 33  94   8
 33 106   3
 33 114   3
 33 115  12
 33 116   2
 34   1   2
 34  17   2
 34  30   6
 34  32   3
 34  34   2
 34  38   5
 34  41   4
 34  46   8
 34  50   5
 34  52   7
 34  59   3
 34  62   6
 34  64   2
 34  73   8
 34  75   2
 34  85   3
 34  89  17
 34  90   4
 34  93   8
 34 105   4
 34 111   2
 34 113   4
 34 114  11
 34 115   6
 35   4   2
 35   9   3
 35  12   3
 35  30   5
 35  36   4
 35  38   4
 35  39   4
 35  40   3
 35  42   4
 35  43   2
 35  45  10
 35  51   2
 35  53   4
 35  57   3
 35  66   3
 35  68   4
 35  72   4
 35  75   2
 35  85   5
 35  87  12
 35  88   7
 35  90   4
 35  91   5
 35  92   4
 35  97   2
 35 109   2
 35 113   3
 35 114  11
 35 115   2
 36  19   2
 36  30   5
 36  32   3
 36  35   4
 36  38   5
 36  39   3
 36  41   5
 36  44  10
 36  49   2
 36  50   2
 36  52   2
 36  54   3
 36  56   3
 36  59   7
 36  61   2
 36  67   4
 36  72   2
 36  73   6
 36  86   8
 36  89   4
 36  90   2
 36 100   2
 36 109   2
 36 111   2
 36 113   7
 36 114   5
 36 118   2
 37  12   2
 37  32   2
 37  33   4
 37  34   3
 37  35   6
 37  43   9
 37  48   8
 37  49   3
 37  54   4
 37  58   7
 37  62   2
 37  65   2
 37  69   2
 37  80   2
 37  84   3
 37  87   5
 37  88   2
 37  89   2
 37 104   2
 37 107   2
 37 109   2
 37 112   3
 37 113   8
 37 116   2
 38   6   2
 38  14   2
 38  32   7
 38  33   2
 38  34   2
 38  38   4
 38  42  12
 38  45   2
 38  47   7
 38  52   4
 38  56   2
 38  82   9
 38  83   3
 38  85   8
 38 104   3
 38 105   3
 38 107   2
 38 111  11
 38 112  13
 38 113   3
 39  12   2
 39  35   5
 39  37   3
 39  41  10
 39  46   8
 39  51   5
 39  53   3
 39  55   2
 39  65   2
 39  68   3
 39  81  10
 39  83   3
 39  84   3
 39  85   2
 39  93   2
 39  98   4
 39 100   5
 39 108   2
 39 110   2
 39 111   6
 39 112   8
 40  29   3
 40  31   2
 40  37   5
 40  40  10
 40  43   2
 40  45   5
 40  46   3
 40  49   2
 40  52   2
 40  54   2
 40  62   3
 40  66   6
 40  74   2
 40  79  12
 40  82   3
 40  83   4
 40  94   2
 40  97   2
 40  99   8
 40 101   3
 40 103   3
 40 106   3
 40 111  10
 40 114   2
 41   6   3
 41  13   2
 41  29   2
 41  31   2
 41  32   2
 41  34   4
 41  35   2
 41  36   2
 41  37   2
 41  39   4
 41  42   3
 41  44   2
 41  45   2
 41  50   3
 41  53   4
 41  57   2
 41  64   8
 41  68   2
 41  77   7
 41  78   2
 41  80   5
 41  81   3
 41  88   2
 41  89   2
 41  96   2
 41  98   4
 41 100   3
 41 101   3
 41 103   2
 41 104   2
 41 105   2
 41 106   3
 41 107   3
 41 110   5
 41 111   5
 42   4   2
 42   5   2
 42   6   2
 42  31   2
 42  34   3
 42  35   2
 42  36   4
 42  38   7
 42  41   2
 42  43   3
 42  44   5
 42  49   3
 42  52   2
 42  60  12
 42  67   3
 42  75   2
 42  76   9
 42  78   4
 42  79   2
 42  83   3
 42  84   2
 42  99   9
 42 100  11
 42 110  10
 42 123   2
 43  14   2
 43  15   2
 43  18   2
 43  22   2
 43  28   2
 43  29   2
 43  30   2
 43  31   2
 43  37   9
 43  42   3
 43  43   4
 43  47   2
 43  49   2
 43  51   5
 43  52   2
 43  55  19
 43  56  12
 43  57  13
 43  60   6
 43  61   9
 43  62   9
 43  66  15
 43  71   2
 43  74   7
 43  77   4
 43  78   3
 43  81   2
 43  97   5
 43  98   4
 43  99  12
 43 102   3
 43 103   3
 43 109   7
 43 110   6
 44   4   2
 44   5   2
 44   6   2
 44  30   2
 44  36   2
 44  41   2
 44  42   5
 44  46   4
 44  50   5
 44  53   2
 44  54   3
 44  73   7
 44  75   3
 44  76   7
 44  77   3
 44  95   2
 44  96   3
 44  97   4
 44  98  16
 44 101   7
 44 102   2
 44 105   2
 44 106   2
 44 109   9
 45  30   2
 45  31   3
 45  32   2
 45  37   4
 45  40   6
 45  41   4
 45  45   4
 45  46   4
 45  49   3
 45  53   5
 45  55  16
 45  56   3
 45  57  15
 45  64  11
 45  71  22
 45  72  39
 45  74  10
 45  75   2
 45  87   2
 45  88   2
 45  95   4
 45  96  12
 45  97  14
 45  98   3
 45 105   4
 45 108   8
 45 109   6
 45 111   2
 45 126   2
 46  32   2
 46  35   7
 46  36   5
 46  40   3
 46  44   4
 46  45   2
 46  48   4
 46  52   2
 46  54   3
 46  60   4
 46  61   8
 46  63  14
 46  67   5
 46  69   2
 46  70  21
 46  71  20
 46  73  14
 46  93   5
 46  94  15
 46  95  16
 46  96   3
 46  99   3
 46 100   2
 46 101   2
 46 105   2
 46 106   2
 46 107   2
 46 108  11
 46 109   2
 46 111   2
 47  34   2
 47  36   3
 47  39   3
 47  40   2
 47  43   3
 47  47   2
 47  51   8
 47  55   8
 47  59   7
 47  60   6
 47  65   6
 47  69  23
 47  70   5
 47  72  13
 47  88   5
 47  89   2
 47  90  11
 47  91  18
 47  92  22
 47  93   7
 47  96   3
 47 100   2
 47 107   2
 47 108   6
 47 125   2
 48  31   4
 48  33   3
 48  34   7
 48  38   4
 48  39   2
 48  42   3
 48  44   2
 48  49   2
 48  50   4
 48  54   6
 48  59   2
 48  62  18
 48  64   2
 48  66   3
 48  68  35
 48  70   3
 48  71   8
 48  87  13
 48  88   2
 48  90   2
 48  94   3
 48  95   4
 48 106   2
 48 107   8
 48 108   3
 48 110   3
 49  14   2
 49  29   3
 49  34   2
 49  35   3
 49  37   3
 49  41   7
 49  46   8
 49  47  17
 49  48   9
 49  52   6
 49  55   6
 49  58   7
 49  61  11
 49  63  13
 49  65  15
 49  66   6
 49  67  28
 49  69   8
 49  70   8
 49  80   2
 49  86   9
 49  88   2
 49  93   3
 49 101   3
 49 106   3
 49 107   4
 49 121   3
 49 123   2
 50   0   3
 50  24   3
 50  26   2
 50  30   2
 50  32   2
 50  33   5
 50  36   5
 50  37   5
 50  38   2
 50  40   3
 50  45   5
 50  50   2
 50  55   5
 50  57   4
 50  60   6
 50  64  17
 50  66  17
 50  68  16
 50  69   4
 50  73   2
 50  74   2
 50  82   6
 50  83  16
 50  84   3
 50  85   9
 50  88   3
 50  91   2
 50  92   5
 50  95   3
 50  98   3
 50 105   3
 50 106   7
 50 109   2
 50 120   3
 51   0   2
 51  11   2
 51  26   3
 51  34   4
 51  40   3
 51  46   9
 51  50   8
 51  51   3
 51  54   3
 51  56   2
 51  57   2
 51  60   2
 51  64   8
 51  65  26
 51  67  12
 51  76   4
 51  80   6
 51  81   3
 51  84   9
 51  85   6
 51  89   4
 51  98   2
 51 105   3
 51 106   7
 51 109   3
 52   3   2
 52  31   4
 52  33   7
 52  35   3
 52  43   8
 52  44   7
 52  45  17
 52  52   4
 52  56   8
 52  66  15
 52  75   2
 52  78   6
 52  84   5
 52  85   5
 52  96   2
 52 103   2
 52 105   6
 52 106   6
 53  17   2
 53  19   2
 53  26   2
 53  28   3
 53  34   3
 53  38   5
 53  39   2
 53  41   2
 53  42  10
 53  44   2
 53  47   2
 53  52  11
 53  55   5
 53  56   3
 53  62   4
 53  63  14
 53  64   6
 53  65  16
 53  66  16
 53  67   5
 53  69   2
 53  73   2
 53  76   4
 53  77   3
 53  84   2
 53  85   3
 53  88   2
 53  94   2
 53 105   9
 53 106   2
 53 108   2
 53 123   2
 54  25   3
 54  29   2
 54  31   2
 54  33   2
 54  40   6
 54  51   2
 54  54   2
 54  56   9
 54  57   5
 54  61   6
 54  62  20
 54  64  22
 54  75   3
 54  81   2
 54  82   2
 54  85   4
 54  86   2
 54  90   3
 54  91   2
 54 103   2
 54 104   5
 54 105   7
 54 107   5
 55  23   2
 55  29   4
 55  39   7
 55  46   8
 55  49   2
 55  53   3
 55  54   2
 55  55   5
 55  61  28
 55  63  21
 55  64   2
 55  77   2
 55  84   3
 55  85   3
 55  86   4
 55  91   3
 55  93   4
 55  94   4
 55  95   3
 55 100   2
 55 101   3
 55 102   2
 55 104   7
 55 105   3
 55 107   2
 56  27   9
 56  28   2
 56  32   3
 56  36   2
 56  38   9
 56  48   4
 56  54  10
 56  55   7
 56  57   6
 56  60  28
 56  62  13
 56  65   3
 56  66   2
 56  68   2
 56  72   2
 56  77   2
 56  79   2
 56  84   2
 56  85   3
 56  86   2
 56  87   2
 56  92   2
 56  93   3
 56 103   2
 56 104   9
 56 106   2
 57  17   2
 57  25   2
 57  26   3
 57  29   2
 57  32   2
 57  34   5
 57  37   6
 57  43   2
 57  47   4
 57  50   3
 57  56  16
 57  57  18
 57  59  26
 57  61  11
 57  64   3
 57  67   3
 57  71   3
 57  85   3
 57  86   6
 57  87   4
 57  91   2
 57  92   3
 57  95   2
 57 100   2
 57 101   2
 57 103   8
 57 104   6
 57 113   2
 58   7   2
 58  28   2
 58  36   4
 58  37   3
 58  43   4
 58  45   2
 58  48   7
 58  51   2
 58  53   2
 58  58  25
 58  60  13
 58  66   4
 58  74   2
 58  85   2
 58  86   3
 58  87   5
 58  93   4
 58  96   2
 58  97   2
 58 100   3
 58 102   2
 58 103  13
 58 114   2
 59  28   3
 59  36   2
 59  41   3
 59  43   5
 59  44   3
 59  47   6
 59  51   5
 59  53   9
 59  55  11
 59  59   7
 59  65  10
 59  70   2
 59  86   2
 59  92   5
 59  93   3
 59  94   5
 59  95   3
 59  99   3
 59 102   4
 59 103   6
 59 114   3
 60   3   2
 60  27   2
 60  33  12
 60  35   6
 60  37   3
 60  38   3
 60  42   2
 60  43   4
 60  46   8
 60  49   2
 60  54   3
 60  56   3
 60  57  16
 60  58  10
 60  59   4
 60  60   3
 60  61   2
 60  64   2
 60  65   2
 60  92   4
 60  95   3
 60  96   4
 60 102   4
 60 103   3
 60 105   2
 60 117   2
 60 118   2
 60 121   2
 61   2   2
 61   8   2
 61  22   2
 61  31  10
 61  35   2
 61  36  25
 61  40  10
 61  42   5
 61  44   2
 61  49   4
 61  50   3
 61  51   6
 61  52   5
 61  56  22
 61  58   7
 61  59   2
 61  60   3
 61  62   3
 61  66   8
 61  67  19
 61  68  11
 61  87   3
 61  92   5
 61  95   2
 61  98   2
 61 102   6
 61 105   2
 61 120   2
 62   0   2
 62   1   2
 62  15   2
 62  17   2
 62  18   2
 62  30   4
 62  32  10
 62  38   3
 62  39   5
 62  41   4
 62  42   8
 62  45   8
 62  47   5
 62  48   5
 62  52  15
 62  55  16
 62  57  17
 62  59   5
 62  62   2
 62  65   7
 62  68   2
 62  69   7
 62  70   9
 62  71  12
 62  84   8
 62  85  19
 62  86  15
 62  87   2
 62  88   3
 62  93   3
 62  97   2
 62  99   3
 62 101   3
 62 102   5
 62 104   2
 62 124   2
 63  10   2
 63  24   2
 63  29   4
 63  31   3
 63  32  16
 63  33  36
 63  34  35
 63  35   4
 63  36   8
 63  39   9
 63  40   4
 63  41  11
 63  44   5
 63  45   6
 63  48   3
 63  50   2
 63  54   7
 63  55  10
 63  56   7
 63  58   4
 63  59   3
 63  61   4
 63  71   2
 63  72   9
 63  73   4
 63  82   4
 63  93   3
 63 101   5
 63 102   4
 63 104   2
 63 126   2
 64  12   2
 64  20   2
 64  27   9
 64  28  13
 64  37   8
 64  38   9
 64  40   8
 64  49  16
 64  54  22
 64  56   4
 64  57   2
 64  58   4
 64  60   2
 64  68  17
 64  69   3
 64  72   3
 64  78   2
 64  83   4
 64  84   5
 64  94   4
 64 101   6
 64 103   3
 64 104   3
 65  19   2
 65  26  10
 65  27  11
 65  36  22
 65  41   5
 65  45   6
 65  46   4
 65  47   4
 65  50  20
 65  51   2
 65  53  15
 65  55  11
 65  64  11
 65  65   5
 65  68  14
 65  69  38
 65  70  13
 65  71  15
 65  77   2
 65  78   2
 65  83  16
 65  84  17
 65  85   8
 65  93   6
 65  94   2
 65  98   3
 65 100   2
 65 101   8
 65 108   2
 66   7   2
 66  13   3
 66  17   2
 66  23   2
 66  28  14
 66  29   2
 66  31   7
 66  34   3
 66  35  15
 66  37   3
 66  39   2
 66  42   4
 66  46  10
 66  52  15
 66  53  15
 66  54   8
 66  57   5
 66  62  12
 66  63   2
 66  64  10
 66  66  15
 66  67   3
 66  68   5
 66  69   3
 66  70  14
 66  76   2
 66  80  14
 66  81  17
 66  82  15
 66  85   4
 66  92   3
 66  94   3
 66  98   3
 66  99   2
 66 100   4
 66 101   3
 66 118   2
 66 126   4
 66 127   9
 67  16   2
 67  23   3
 67  27  12
 67  28  13
 67  29  15
 67  34   8
 67  36   4
 67  38   3
 67  39  11
 67  40   2
 67  41   2
 67  44   4
 67  47   3
 67  51   2
 67  52  17
 67  55   7
 67  56   8
 67  60   7
 67  61   7
 67  62  12
 67  63  17
 67  65  20
 67  66  34
 67  67  20
 67  71   4
 67  72   7
 67  77   3
 67  80   4
 67  81  12
 67  82  15
 67  83  17
 67  87   2
 67  88   2
 67  89   5
 67  92   2
 67  93   2
 67 100   6
 67 103   2
 67 110   2
 67 124   4
 67 125   8
 67 126   6
 67 127   3
 68  11   2
 68  20   2
 68  22   5
 68  25  24
 68  26  28
 68  27  10
 68  28   2
 68  31   7
 68  32   7
 68  33  33
 68  34   4
 68  36   4
 68  39   3
 68  40   2
 68  41   7
 68  42  10
 68  43   3
 68  48   3
 68  49   2
 68  51   3
 68  52   6
 68  53  16
 68  55   2
 68  59   2
 68  60   4
 68  62   2
 68  63   8
 68  64  15
 68  70   9
 68  71  11
 68  73   3
 68  78   3
 68  79  21
 68  80  16
 68  86  10
 68  96   2
 68  99  10
 68 100   5
 68 122   2
 68 123   6
 68 124   4
 68 125   2
 69  14   2
 69  22   2
 69  23  11
 69  24  25
 69  29   7
 69  30   3
 69  35   4
 69  37   2
 69  42  21
 69  44   2
 69  51  20
 69  54   2
 69  55   2
 69  58   4
 69  61   2
 69  62   2
 69  64   3
 69  65   9
 69  66   8
 69  67   4
 69  68  12
 69  69   5
 69  71   3
 69  79   3
 69  80   2
 69  81   4
 69  82  10
 69  83  14
 69  84  12
 69  85   6
 69  86   4
 69  93   3
 69  97   4
 69 100   3
 69 121   5
 69 122   3
 69 123   3
 70  23  14
 70  24  18
 70  30   5
 70  33   5
 70  34   5
 70  37   2
 70  38   7
 70  43  11
 70  50  11
 70  52  11
 70  54   4
 70  57   7
 70  62   3
 70  63   3
 70  64   4
 70  65   5
 70  66   5
 70  67   7
 70  68   5
 70  70   2
 70  73   2
 70  79   2
 70  81   3
 70  83   3
 70  84   7
 70  85   5
 70  86   3
 70  88   2
 70  99   5
 70 120   7
 70 121   5
 70 122   2
 71   6   2
 71  10   2
 71  18   2
 71  26  15
 71  29   4
 71  30   6
 71  31  19
 71  32   2
 71  36   4
 71  37   9
 71  39  17
 71  42  20
 71  44   2
 71  49   2
 71  50  16
 71  52   5
 71  53   2
 71  56   6
 71  57   2
 71  84   2
 71  85   3
 71  86   2
 71  90   2
 71  93   4
 71  96   3
 71  98   2
 71  99   7
 71 119   6
 71 120   3
 72  11   2
 72  22   7
 72  23  20
 72  24   9
 72  28   5
 72  29   4
 72  32   3
 72  33   2
 72  38  16
 72  39  18
 72  42   3
 72  43  18
 72  44   5
 72  49  13
 72  51   7
 72  52   2
 72  55   2
 72  56   2
 72  63   2
 72  67   2
 72  72   2
 72  75   2
 72  81   2
 72  93   5
 72  96   2
 72  98   4
 72  99   4
 72 101   2
 72 118   5
 72 126   2
 72 127   2
 73  10   2
 73  19   6
 73  20   5
 73  25  10
 73  29   3
 73  30   7
 73  31  12
 73  35   3
 73  36   3
 73  38   3
 73  42   3
 73  43   2
 73  49  12
 73  51   5
 73  56   2
 73  78   2
 73  90   2
 73  96   4
 73  98   6
 73  99   2
 73 117   4
 73 118   2
 73 127   2
 74  26  11
 74  27   2
 74  28  13
 74  30   8
 74  32   2
 74  35   2
 74  36   3
 74  40   2
 74  43   7
 74  48  11
 74  50  10
 74  54   3
 74  67   2
 74  94   4
 74  96   2
 74  98   8
 74 100   3
 74 101   3
 74 103   2
 74 116   3
 74 117   5
 74 125   2
 75  18   4
 75  22   2
 75  23  23
 75  25   9
 75  27   6
 75  29   6
 75  31   2
 75  32   4
 75  33   2
 75  34   2
 75  39  12
 75  44  23
 75  45  10
 75  47   2
 75  48  12
 75  50   9
 75  51   3
 75  54   3
 75  62   2
 75  88   2
 75  94   5
 75  98   6
 75 100   2
 75 116   3
 75 123   2
 75 124   3
 75 125   2
 76   0   2
 76   7   2
 76  20   7
 76  21  11
 76  24  15
 76  28   7
 76  29   2
 76  30  16
 76  34   3
 76  38   4
 76  39  11
 76  40   4
 76  41  15
 76  42   9
 76  43  11
 76  45   5
 76  47   7
 76  49  10
 76  54   2
 76  79   2
 76  89   4
 76  93   3
 76  97   4
 76  98   4
 76 100   2
 76 115   2
 76 116   4
 76 121   3
 76 122   3
 76 126   2
 76 127   2
 77  19  14
 77  23   9
 77  26  12
 77  27   4
 77  31   6
 77  36   2
 77  37   7
 77  40   5
 77  41   7
 77  43   7
 77  47  10
 77  49   8
 77  53   2
 77  54   2
 77  55   2
 77  73   2
 77  88   4
 77  94   4
 77  97   7
 77 115   3
 77 116   3
 77 121   2
 77 126   2
 78   2   2
 78   3   2
 78  13   2
 78  16   2
 78  19   2
 78  21   2
 78  23   7
 78  25   6
 78  33  10
 78  34   3
 78  36   6
 78  40   9
 78  46  18
 78  48   7
 78  50   5
 78  51   3
 78  53   2
 78  54   4
 78  72   2
 78  74   5
 78  75   2
 78  88   2
 78  93   2
 78  94   3
 78  97   7
 78  98   2
 78 107   2
 78 114   2
 78 115   2
 78 120   2
 79   4   3
 79  17   8
 79  18  12
 79  20   2
 79  24   8
 79  30   4
 79  32   2
 79  34   9
 79  36   6
 79  39   6
 79  45  13
 79  46  15
 79  47  17
 79  48   7
 79  52   2
 79  55   3
 79  82   2
 79  87   2
 79  91   2
 79  93   3
 79  95   2
 79  96   3
 79  97   3
 79 114   3
 79 115   2
 79 124   2
 80   3   2
 80   5   2
 80   6   4
 80   7   3
 80   8   2
 80  13   2
 80  22   4
 80  23   2
 80  25   2
 80  27  15
 80  29   6
 80  31   3
 80  32  13
 80  35   9
 80  39   7
 80  40  22
 80  43   3
 80  45  11
 80  46   5
 80  47   5
 80  50   2
 80  51   2
 80  54   4
 80  55   2
 80  71   2
 80  73   7
 80  74  18
 80  80   2
 80  88   2
 80  91   2
 80  96  10
 80  97   3
 80 113   2
 80 114   2
 80 118   2
 80 122   2
 81   5   2
 81   6   5
 81   7   2
 81  12   2
 81  17   2
 81  20   2
 81  21   3
 81  26  11
 81  28   5
 81  30   4
 81  32   2
 81  36   7
 81  37  24
 81  40   2
 81  42   5
 81  43   5
 81  44  23
 81  45   2
 81  47   6
 81  50  13
 81  51   3
 81  54   5
 81  71   4
 81  72   5
 81  76   9
 81  77  18
 81  78   6
 81  88   3
 81  95   5
 81  96   4
 81 101   2
 81 113   2
 81 114   2
 81 118   2
 82   3   2
 82   4   2
 82   6   2
 82  21   6
 82  25   2
 82  26   6
 82  29   7
 82  31   6
 82  33   6
 82  34   9
 82  37   9
 82  39  11
 82  41  16
 82  42   9
 82  43  11
 82  44  12
 82  46  13
 82  48   5
 82  49   4
 82  52   2
 82  53   2
 82  68   2
 82  73   3
 82  74   5
 82  75  10
 82  76   3
 82  95   3
 82  96   6
 82 113   3
 82 126   2
 82 127   2
 83   6   2
 83  20   5
 83  22   5
 83  23   2
 83  24   5
 83  25  13
 83  34   8
 83  35   9
 83  36   5
 83  38  10
 83  40   2
 83  41  11
 83  42  19
 83  43   5
 83  51   2
 83  75   3
 83  76   2
 83  77   2
 83  94   2
 83  95   5
 83  98   2
 83 117   2
 84  19   2
 84  23   3
 84  24   4
 84  26   7
 84  27   3
 84  33   3
 84  36   8
 84  39  14
 84  40   9
 84  42   4
 84  47   5
 84  48   3
 84  51   3
 84  73   2
 84  86   2
 84  95   4
 84  99   2
 85  12   2
 85  19   6
 85  22   5
 85  25   2
 85  27   2
 85  28   3
 85  32   2
 85  34   6
 85  35  15
 85  38  17
 85  39   5
 85  40   4
 85  41   4
 85  43   5
 85  44  17
 85  47  10
 85  51   2
 85  87   2
 85  90   4
 85  91   3
 85  95   4
 85 111   2
 85 119   2
 85 121   2
 85 122   2
 86  18   9
 86  24   8
 86  29   8
 86  30  10
 86  33   5
 86  36  18
 86  37  11
 86  39   9
 86  40  21
 86  42   2
 86  43  10
 86  45   2
 86  46   2
 86  50   2
 86  52   2
 86  54   2
 86  64   2
 86  80   4
 86  95   5
 86 118   2
 87   2   2
 87   5   2
 87   6   3
 87  14   2
 87  17  13
 87  20  12
 87  22   7
 87  26   2
 87  28   3
 87  29   9
 87  31  10
 87  32   2
 87  34  11
 87  38   8
 87  39   4
 87  48   3
 87  49   2
 87  52   2
 87  53   2
 87  66  11
 87  67  20
 87  68  15
 87  69   7
 87  70   8
 87  71   7
 87  72  13
 87  73  15
 87  74  10
 87  75   6
 87  76  11
 87  77  18
 87  78  11
 87  79   7
 87  94   2
 87  95   2
 87  96   2
 87 113   2
 87 114   2
 88   5   2
 88   6   2
 88  16  11
 88  19   6
 88  23   3
 88  27   2
 88  29   7
 88  33   3
 88  35   9
 88  36  20
 88  37   8
 88  41  11
 88  42  14
 88  44   2
 88  48   2
 88  67   2
 88  72   4
 88  73   8
 88  74   7
 88  75   2
 88  76   2
 88  87   2
 88  91   3
 88  94   2
 88 114   2
 88 120   2
 89   5   2
 89  14   4
 89  19   4
 89  22   7
 89  23   9
 89  25   3
 89  26   3
 89  28   7
 89  32   5
 89  33   3
 89  34   4
 89  36   7
 89  40  14
 89  41   9
 89  43   2
 89  44   2
 89  45   2
 89  46   2
 89  47   2
 89  49   3
 89  54   5
 89  68   2
 89  81   2
 89  84   3
 89  85   2
 89  87   2
 89  90   2
 89 121   2
 90   5   2
 90  17   2
 90  18  11
 90  20   3
 90  22   5
 90  25   7
 90  28   7
 90  30  15
 90  31   9
 90  34   9
 90  35   4
 90  38   2
 90  39   8
 90  40  11
 90  44   3
 90  50   2
 90  76   5
 90  84   3
 90  87   4
 90  88   2
 90 114   2
 90 126   3
 90 127   2
 91   1   2
 91   5   2
 91  22   2
 91  25   2
 91  28   7
 91  29   8
 91  31   3
 91  32   7
 91  33  11
 91  37   2
 91  39   5
 91  48   3
 91  53   3
 91  69   2
 91  71   4
 91  72   9
 91  73  13
 91  74  10
 91  75   5
 91 122   2
 91 123   3
 92   4   2
 92   5   2
 92   6   2
 92  16   2
 92  19   2
 92  20   4
 92  21   7
 92  27   3
 92  30   7
 92  31   7
 92  32   3
 92  35   6
 92  36  19
 92  41   3
 92  43   2
 92  48   2
 92  69   3
 92  70   3
 92  72   2
 92  73   3
 92  74   2
 92  83   2
 92  86   2
 92  88   2
 92  91   2
 92  92   2
 92 102   2
 92 112   2
 93   5   2
 93   8   2
 93  20   2
 93  23   2
 93  27   4
 93  30   5
 93  32   9
 93  33  11
 93  36   2
 93  40   7
 93  42   2
 93  44   3
 93  56   3
 93  58   2
 93  67   2
 93  70   3
 93  80   2
 93  83   2
 93  88   2
 93  90   2
 93  92   2
 93  94   2
 93 112   2
 93 113   2
 94   1   3
 94  15   2
 94  22   2
 94  24   2
 94  28   5
 94  29   2
 94  38   5
 94  47   2
 94  58   4
 94  72   2
 94  87   4
 94 104   2
 94 112   2
 95  12   2
 95  18   3
 95  21   9
 95  24   4
 95  29   5
 95  30   3
 95  36   3
 95  37  11
 95  38  20
 95  39  12
 95  44   2
 95  47   2
 95  55   2
 95  56   3
 95  59   7
 95  60   5
 95  86   2
 95  88   2
 95  91   2
 95  93   2
 95 107   2
 95 112   5
 96  13   2
 96  17  26
 96  18  13
 96  19  15
 96  29  11
 96  30  16
 96  34   3
 96  39   8
 96  40  20
 96  60  11
 96  61  18
 96  62  19
 96  63  22
 96  64  17
 96  65  18
 96  66  12
 96  67   6
 96  68   5
 96  69   4
 96  70   3
 96  73   3
 96  74   4
 96  75  13
 96  76  19
 96  77  18
 96  78  11
 96  93   4
 96 112   4
 96 126   2
 96 127   7
 97   0   4
 97   1   3
 97  11   2
 97  16  25
 97  20   5
 97  22   5
 97  25   7
 97  27   2
 97  28   5
 97  30  11
 97  33  16
 97  34   5
 97  38  21
 97  41  27
 97  43   2
 97  44   2
 97  46   3
 97  47   2
 97  60   5
 97  61   6
 97  62   4
 97  78  13
 97  79  48
 97  80  23
 97  81   2
 97  86   3
 97  94   2
 97  97   4
 97 125   5
 97 126  11
 97 127   3
 98   0   5
 98   1   2
 98   2   3
 98   3   2
 98  15  15
 98  18   5
 98  19   4
 98  22   2
 98  26   7
 98  29   6
 98  31  10
 98  32  36
 98  33  17
 98  35   2
 98  36   8
 98  39  21
 98  40   4
 98  42  19
 98  47   3
 98  60   3
 98  80   4
 98  81  43
 98  82  27
 98  96   2
 98  97   2
 98  98   5
 98  99   3
 98 100   4
 98 123   2
 98 124   6
 98 125   5
 98 127   4
 99   0  12
 99   1  12
 99   2   9
 99   3   6
 99   4   3
 99  13   6
 99  14   5
 99  16   2
 99  17   8
 99  18  13
 99  20   2
 99  23  12
 99  26   4
 99  28   4
 99  30   2
 99  31  22
 99  35   3
 99  37   6
 99  38   2
 99  43   3
 99  52   2
 99  56   4
 99  72   2
 99  73   2
 99  82   5
 99  83  44
 99  84  16
 99  93   2
 99  95   2
 99  96   2
 99  99   2
 99 100   2
 99 101   5
 99 102   3
 99 103   4
 99 109   2
 99 122  11
 99 123   6
 99 124   4
 99 125   3
 99 126   2
100   0   2
100   1   4
100   2  10
100   3   7
100   4   4
100   5   2
100  16   4
100  17  13
100  20   2
100  26   4
100  27   6
100  29   5
100  32  11
100  34   5
100  36   3
100  38   9
100  41  20
100  43  14
100  46   3
100  52   2
100  57   3
100  61   3
100  66   2
100  67   2
100  84  19
100  85  35
100  93   4
100  95   2
100 101   2
100 102   2
100 104   4
100 105   4
100 106   5
100 107   2
100 108   5
100 109   4
100 114   2
100 116   2
100 121   8
100 122   2
100 124   3
100 125   3
101   1   2
101   2   6
101   3   6
101   4   4
101   5   2
101   6   2
101   8   2
101  16  19
101  23  15
101  24  42
101  25  27
101  28   8
101  29  13
101  31   9
101  35   5
101  39   9
101  40   3
101  41   7
101  42   7
101  52   2
101  56   3
101  57   8
101  62   3
101  65   4
101  72   2
101  85   9
101  86  34
101 100   2
101 106   3
101 107   5
101 111   8
101 112   2
101 120  12
101 121   3
101 122   4
101 123   2
101 124   4
101 125   2
101 127   2
102   3   4
102   4   5
102   5   3
102  12   2
102  15   7
102  17   5
102  19   5
102  20   5
102  21   2
102  22   9
102  26   4
102  30   5
102  32   2
102  34   5
102  38   3
102  40  14
102  42  15
102  44  14
102  45   2
102  46   3
102  47   2
102  48   3
102  49   4
102  50   2
102  51   2
102  52   2
102  53   3
102  54   2
102  55   4
102  57   2
102  58   6
102  60   2
102  61   2
102  64   4
102  86   8
102  87  26
102  93   2
102 110   4
102 111   5
102 112   2
102 119   7
102 120   4
102 122   3
102 123   5
102 124   3
103   3   3
103   4   7
103   5   3
103  11   2
103  23   6
103  26   7
103  27   2
103  28   2
103  30   5
103  32   9
103  34   2
103  39   7
103  40   3
103  43  19
103  44   8
103  56   2
103  57   4
103  58   5
103  62   5
103  63   2
103  87  14
103  88  16
103  93   4
103 107   2
103 111   2
103 112   2
103 119   6
103 121   2
103 122   2
104   3   2
104   5   3
104  10   2
104  16   7
104  17   4
104  21   9
104  24   2
104  25   2
104  26   4
104  30   4
104  33   7
104  34   2
104  35   5
104  37   2
104  44   2
104  52   6
104  54   4
104  56   3
104  58   3
104  61   6
104  82   2
104  87   2
104  88  22
104  90   2
104 105   2
104 109   2
104 110   3
104 111   3
104 118   4
104 122   3
104 126   2
105   3   3
105   4   2
105   5   3
105  14   2
105  17   3
105  28   5
105  31  18
105  36   9
105  39  13
105  42   6
105  43   5
105  44   5
105  48   3
105  58   3
105  60   2
105  71   2
105  89  18
105  92   2
105  93   3
105 108   5
105 109   6
105 110   6
105 111   4
105 118   4
105 120   3
105 121   2
106   0   2
106   4   2
106  13   2
106  17  15
106  25   6
106  28   4
106  29   3
106  38   2
106  41   8
106  46   4
106  47   5
106  49   3
106  50   3
106  55   3
106  58   4
106  89  18
106  92   5
106  94   2
106 107   3
106 108   6
106 109   4
106 110   3
106 119   2
106 121   2
106 124   2
107  16  12
107  19   3
107  22   2
107  25   9
107  27   3
107  29   3
107  40   3
107  41   5
107  42  23
107  43   8
107  45  25
107  46   2
107  53   2
107  54   2
107  56   9
107  57   4
107  89   2
107  90  15
107  92   4
107 107   5
107 108   5
107 109   3
107 120   3
107 124   2
108   4   2
108   5   3
108  18   3
108  24  21
108  29   5
108  32   3
108  34   2
108  37   5
108  38  13
108  40   3
108  41  13
108  46   4
108  49   2
108  51   4
108  54   8
108  55   6
108  59   4
108  74   2
108  90  14
108  92   2
108 107   3
109   6   2
109  17   6
109  23  12
109  25   6
109  27   2
109  31   2
109  33   2
109  34   5
109  37   7
109  38   9
109  44  20
109  45  13
109  49   3
109  54   2
109  55   2
109  57   2
109  61   2
109  90  15
109  95   2
109 107   2
109 118   2
110   6   4
110  16   8
110  24   3
110  28   3
110  30   3
110  31   2
110  33   3
110  34   6
110  39   2
110  46  21
110  47  35
110  48  28
110  54   6
110  55   2
110  59   3
110  61   2
110  73   2
110  90   2
110  91  10
110  92   3
110 107   2
110 117   2
110 119   2
110 127   4
111   0   2
111   5   3
111  15   2
111  18   3
111  22   2
111  23   4
111  25   2
111  29   4
111  36  18
111  38   5
111  41  18
111  43   2
111  45   5
111  49  10
111  50   2
111  52   3
111  53   4
111  54   4
111  59   6
111  60   3
111  66   2
111  68   2
111  91  10
111  96   2
111 116   2
111 122   2
111 127   3
112   0   3
112   7   2
112  14   3
112  15   2
112  16   7
112  17   3
112  22  18
112  28   5
112  33   7
112  35   9
112  37   4
112  38   4
112  39   7
112  42  22
112  52   3
112  53   2
112  54   2
112  68   2
112  91  15
112  92   3
112 103   2
112 118   2
112 121   3
112 126   2
113   0   4
113   6   4
113  17   3
113  20  12
113  26   2
113  27   3
113  28   4
113  29   3
113  31   3
113  33   4
113  36  11
113  39   4
113  42  12
113  43  21
113  51   2
113  53   6
113  54   2
113  59   5
113  60   2
113  91   9
113 104   2
113 105   2
113 106   3
113 110   3
113 120   3
114  18   3
114  23   2
114  24   6
114  27   7
114  32   4
114  34   2
114  35   6
114  36   7
114  37   9
114  40   6
114  41   7
114  51   3
114  52   2
114  53   2
114  58   3
114  59   6
114  92   3
114 109   4
114 120   4
114 124   3
115   4   5
115   5   4
115  18   3
115  19   2
115  23   5
115  28   3
115  29   2
115  31   3
115  33   6
115  34  17
115  35   4
115  36  10
115  38  14
115  41   6
115  49   2
115  51   5
115  52   5
115  53   2
115  58   5
115  94   3
115 109   4
115 116   2
115 119   6
116   6   4
116  10   2
116  17   3
116  23   3
116  29   4
116  32   3
116  37   7
116  38  13
116  39   7
116  40  19
116  44   4
116  49   2
116  51   3
116  52   4
116  54   2
116  57   6
116  58   5
116  61   2
116  67   2
116  92   8
116  94   3
116  95   6
116  96   3
116  97   2
116 106   4
116 107   4
116 108   3
116 109   2
116 118   5
117   0   2
117   1   4
117   6   2
117  16   4
117  21   2
117  24   4
117  30   7
117  33   5
117  37   9
117  41  10
117  43   2
117  45   3
117  47   2
117  50   5
117  51   3
117  52   2
117  56   3
117  57   9
117  58   3
117  92   2
117  93   8
117  95   4
117  96   3
117  97   3
117  98   2
117  99   2
117 100   3
117 105   7
117 106   4
117 108   2
117 114   5
117 117   3
117 123   2
118   0   8
118   1  12
118   2   6
118   5   2
118   7   2
118  12   2
118  17   2
118  20   9
118  24   4
118  26   4
118  28   3
118  32   3
118  34   5
118  35   3
118  39  11
118  41   4
118  42   2
118  44   2
118  49   6
118  50   3
118  51   5
118  56  10
118  57   5
118  93   8
118  96   2
118  97   2
118  98   3
118  99   2
118 100   4
118 101   4
118 102   2
118 105   2
118 108   2
118 116   5
118 117   4
118 125   2
118 126   4
119   0   4
119   1   3
119   2   5
119   7   4
119  18   5
119  23   5
119  24   2
119  27   2
119  30   4
119  31   2
119  36  10
119  40  16
119  47   5
119  48   4
119  49   3
119  50   5
119  51   2
119  55  10
119  56   9
119  57   2
119  93   9
119  97   2
119  99   3
119 100   2
119 101   3
119 102   4
119 103   4
119 104   3
119 106   2
119 107   7
119 115   3
119 116   4
119 121   2
119 122   2
119 125   2
120   1   3
120   2   3
120   3   2
120   7   2
120  22   2
120  26   4
120  27   7
120  29   4
120  33   9
120  37   5
120  38  10
120  39   3
120  41   5
120  47   4
120  48   5
120  49   8
120  54  20
120  55   7
120  93   6
120  94   2
120 100   3
120 101   3
120 102   3
120 103   8
120 104   8
120 106   4
120 112   6
120 114   2
120 115   2
120 116   2
120 120   2
120 121   5
120 126   2
121  13   2
121  15   2
121  21   3
121  24   7
121  25   3
121  26   3
121  30   5
121  31   4
121  35   8
121  39   2
121  40   2
121  43   2
121  45   2
121  46   3
121  47   7
121  52  22
121  53  14
121  54   5
121  55   3
121  57   2
121  94   7
121 100   2
121 101   3
121 102   4
121 103   3
121 110   2
121 111   5
121 112   4
121 113   2
121 114   7
121 115   4
121 120   2
122   7   3
122  13   2
122  14   2
122  15   4
122  21   2
122  24   3
122  29   2
122  30   3
122  31   8
122  32   2
122  34   5
122  36   3
122  37   4
122  40  17
122  45   3
122  49  18
122  50  19
122  51   8
122  52   6
122  53   6
122  54   2
122  55   2
122  56   2
122  93   2
122  94   5
122  99   4
122 101   3
122 102   4
122 103   3
122 104   3
122 110   6
122 111   2
122 113   4
122 119   7
122 120   2
123   7   3
123  17   4
123  22   2
123  27   3
123  31   8
123  34  11
123  37   5
123  39   8
123  41   2
123  45   3
123  46   9
123  47  10
123  48  10
123  49   8
123  50   8
123  51   5
123  63   2
123  76   2
123  94   8
123 101   4
123 104   3
123 108   5
123 109   5
123 112   4
123 113   3
123 118   4
123 119   3
123 120   2
124   1   2
124   4   5
124   5   4
124   6   7
124   7   4
124   8   2
124  18   2
124  25   6
124  27  10
124  28   3
124  29   3
124  32  15
124  35  10
124  37   8
124  40   2
124  43   2
124  44   2
124  46   8
124  47   7
124  48   7
124  94   3
124  95   4
124 105   3
124 108   6
124 111   4
124 112   4
124 117   2
124 118   6
124 119   4
124 120   3
124 127   4
125   4   3
125   7   3
125  15   6
125  16   3
125  19   2
125  20   4
125  25   6
125  26   2
125  29   5
125  32  10
125  35   3
125  36   2
125  38   7
125  41  18
125  45   6
125  46   4
125  47   2
125  64   2
125  80   2
125  82   2
125  95   8
125  97   3
125 106   4
125 107   5
125 108   2
125 111   3
125 114   3
125 115   3
125 117   6
125 118   5
125 119   2
125 125   2
125 126   5
125 127   6
126  11   2
126  20   2
126  21   3
126  26  15
126  28   4
126  33  12
126  34   3
126  38   3
126  42  18
126  43   8
126  44  10
126  45   6
126  47   2
126  52   2
126  62   2
126  77   2
126  80   2
126  83   2
126  95   9
126  96   2
126  97   2
126 102   4
126 104   2
126 105   2
126 106   3
126 113   3
126 114   2
126 116   2
126 126   7
126 127   4
127   1  57
127   2  57
127   3  44
127   7   4
127   8  18
127   9   6
127  15  14
127  16  20
127  17  31
127  18  32
127  19  34
127  20  32
127  21  21
127  22  27
127  23  25
127  24  25
127  25  23
127  26   2
127  27  35
127  28  37
127  29  30
127  30  31
127  31  34
127  32  33
127  33  19
127  34  25
127  35  40
127  36  47
127  37  41
127  38  34
127  39  46
127  40  35
127  41  43
127  42  30
127  43  30
127  44  28
127  45  22
127  46  19
127  47  11
127  48   9
127  49   5
127  50   5
127  51   5
127  52   5
127  96  24
127  97  30
127  98  31
127  99  26
127 100  24
127 101  25
127 102  26
127 103  29
127 104  28
127 105   9
127 109  14
127 110  18
127 111  25
127 112  28
127 113  18
127 114  18
127 115  24
127 116  19
127 117   8
127 118   2
127 119   3
127 120  18
127 121  35
127 122  40
127 123  44
127 124  37
127 125  26
127 126  29
127 127  21
